$ANSIBLE_VAULT;1.1;AES256
30353031653634303635653336353235383734333963333163353264366136346538366338336231
3039383932306335383335333537663638633936646236330a663164323866303238306133643765
35326139333736336437363435643235643163643531663133613732343738326137313863613564
3361643235343133620a636162653831343066333238643732316564343131633638663561633034
62633136346337323834616534646538353466346662343136336433663138333638636630306361
36643766653064623034323933653262633266323962336166316365336264303964646532626463
30313234616333396565313938653330396232356530386133643961326666343637343231643230
35353832663362666130636361663130353737373466623232323265336265613535316137626533
30303839303561663762623761333130663832333837373834373663653232323437306566663061
34356561353166353663353431363332343461623633336238333334326136656134333033363037
32376634373165383235316565663663626631356531396134633930383866616339613838316536
61333637366534366262623931326330313637313533666163356132373933373635383933356361
38306664663064323465393164393965623839303131653665656166386534643562626430633835
3937656365396535373330346134386331376636333534396233
