$ANSIBLE_VAULT;1.1;AES256
35643033646562303636336330396136616465646264343338306665663862663862316236346261
6235326162373537623437393564616237316563373063640a643937346564366631323163623539
32333537343430366266633733393766626265376465346235663462663062626231626566343536
6436316261363733650a613336313430353761623934646166323531313463636231613036306239
61636338353638633464616330343536333034363231303836323365613336303739613932336463
33646638666264393137363235396234623133626464626664633239353931373562653632633933
32626230396137643230336664306635666662616564626131356662383938393965646636346538
65643935656163353130306165373431326430303436663739633638613132656239666463626230
31343434666539653066643363636364373238386638326138303235373539643130366335383335
36363165376166356139393535633837333365356166316665393034343432303933383663373865
35313033326136306134653034633634383361303363303134383734326433366561656130396433
37376634356365313338313838373339343636373231663964373230636165366534326631373462
63306639326465623833353530306639363432316436663833643731663235373133636637396130
3961323265656137336135346533633630376338393961333432
